0 0.607062 0.794654
-0.57735 0.187592 0.794654
-0.356822 -0.491123 0.794654
0.356822 -0.491123 0.794654
0.57735 0.187592 0.794654
0 0.607062 0.794654


-0 -0.607062 -0.794654
0.57735 -0.187592 -0.794654
0.356822 0.491123 -0.794654
-0.356822 0.491123 -0.794654
-0.57735 -0.187592 -0.794654
-0 -0.607062 -0.794654


0 0.607062 0.794654
0.57735 0.187592 0.794654
0.934172 0.303531 0.187592
0.57735 0.794654 -0.187592
3.33067e-16 0.982247 0.187592
0 0.607062 0.794654


-0 -0.607062 -0.794654
-0.57735 -0.187592 -0.794654
-0.934172 -0.303531 -0.187592
-0.57735 -0.794654 0.187592
-3.33067e-16 -0.982247 -0.187592
-0 -0.607062 -0.794654


-0.934172 0.303531 0.187592
-0.57735 0.187592 0.794654
1.11022e-16 0.607062 0.794654
1.11022e-16 0.982247 0.187592
-0.57735 0.794654 -0.187592
-0.934172 0.303531 0.187592


0.934172 -0.303531 -0.187592
0.57735 -0.187592 -0.794654
-1.11022e-16 -0.607062 -0.794654
-1.11022e-16 -0.982247 -0.187592
0.57735 -0.794654 0.187592
0.934172 -0.303531 -0.187592


-0.934172 -0.303531 -0.187592
-0.57735 -0.794654 0.187592
-0.356822 -0.491123 0.794654
-0.57735 0.187592 0.794654
-0.934172 0.303531 0.187592
-0.934172 -0.303531 -0.187592


0.934172 0.303531 0.187592
0.57735 0.794654 -0.187592
0.356822 0.491123 -0.794654
0.57735 -0.187592 -0.794654
0.934172 -0.303531 -0.187592
0.934172 0.303531 0.187592


-0.57735 -0.794654 0.187592
-2.498e-16 -0.982247 -0.187592
0.57735 -0.794654 0.187592
0.356822 -0.491123 0.794654
-0.356822 -0.491123 0.794654
-0.57735 -0.794654 0.187592


0.57735 0.794654 -0.187592
2.498e-16 0.982247 0.187592
-0.57735 0.794654 -0.187592
-0.356822 0.491123 -0.794654
0.356822 0.491123 -0.794654
0.57735 0.794654 -0.187592


0.356822 -0.491123 0.794654
0.57735 -0.794654 0.187592
0.934172 -0.303531 -0.187592
0.934172 0.303531 0.187592
0.57735 0.187592 0.794654
0.356822 -0.491123 0.794654


-0.356822 0.491123 -0.794654
-0.57735 0.794654 -0.187592
-0.934172 0.303531 0.187592
-0.934172 -0.303531 -0.187592
-0.57735 -0.187592 -0.794654
-0.356822 0.491123 -0.794654


